balance = 4, maxtrans = 12, maxspan = 11
0 1 1 1 1 1 1 0 0 0 0 0 0 1 1 1 1 1 1 0 0 1 1 1 0 0 0 1 1 1 0 0 0 0 0 0 
0 0 0 0 0 0 1 1 1 1 0 0 1 1 1 0 0 0 1 1 1 1 1 0 0 1 1 1 1 1 1 0 0 0 0 0 
0 0 0 2 2 1 1 1 2 2 2 1 1 1 2 2 1 1 1 1 0 0 0 0 0 0 0 0 2 2 2 2 0 1 1 2 
0 0 1 1 0 0 0 0 0 2 2 2 2 2 2 2 2 1 1 1 1 1 2 2 2 2 0 0 0 1 1 1 1 1 0 0 

balance = 2, maxtrans = 10, maxspan = 11
0 1 1 1 1 1 1 0 0 0 0 0 0 1 1 1 1 1 1 0 0 1 1 1 0 0 0 1 1 1 0 0 0 0 0 0 
0 0 0 0 0 0 1 1 1 1 0 0 1 1 1 0 0 0 1 1 1 1 1 0 0 1 1 1 1 1 1 0 0 0 0 0 
0 0 0 2 2 1 1 1 2 2 2 1 1 1 2 2 1 1 1 1 0 0 0 0 0 0 0 0 2 2 2 2 2 1 1 0 
0 0 1 1 0 0 0 0 0 2 2 2 2 2 2 2 2 1 1 1 1 1 2 2 2 2 0 0 0 1 1 1 0 0 1 1 

balance = 2, maxtrans = 10, maxspan = 8
0 1 1 1 1 1 1 0 0 0 0 0 0 1 1 1 1 0 0 1 1 0 0 0 0 0 0 0 0 1 1 1 1 1 1 0 
0 0 0 0 0 0 1 1 1 1 0 0 1 1 0 0 1 1 1 1 1 1 0 0 0 0 0 0 1 1 0 0 1 1 1 1 
0 0 0 2 2 1 1 1 2 2 2 1 1 1 1 1 1 1 0 0 2 2 2 2 1 1 0 0 0 0 0 2 2 2 0 0 
0 0 1 1 0 0 0 0 0 2 2 2 2 2 2 1 1 1 1 1 1 1 1 0 0 1 1 2 2 2 2 2 2 0 0 0 

balance = 2, maxtrans = 10, maxspan = 7
0 1 1 1 1 1 1 0 0 0 0 0 0 1 1 1 0 0 0 0 0 0 1 1 0 0 0 0 1 1 1 1 1 1 1 0 
0 0 0 0 0 0 1 1 1 1 0 0 1 1 0 0 0 0 0 0 1 1 1 1 1 0 0 1 1 0 0 1 1 1 1 1 
0 0 0 2 2 1 1 1 2 2 2 1 1 1 1 1 1 1 2 2 2 1 1 0 0 0 0 0 0 0 2 2 2 2 0 0 
0 0 1 1 0 0 0 0 0 2 2 2 2 2 2 1 1 0 0 1 1 1 1 1 1 1 2 2 2 2 2 2 1 0 0 0 

balance = 2, maxtrans = 10, maxspan = 6
0 1 1 1 1 1 1 0 0 0 0 0 0 1 1 0 0 0 0 1 1 1 1 1 1 0 0 0 1 1 1 1 0 0 0 0 
0 0 0 0 0 0 1 1 1 0 0 1 1 1 0 0 0 0 1 1 1 1 1 1 0 0 0 0 0 0 1 1 1 1 1 1 
0 0 0 2 2 1 1 1 2 2 2 2 0 0 0 0 0 2 2 2 2 0 0 1 1 1 1 1 1 2 2 1 1 1 0 0 
0 0 1 1 0 0 0 0 0 0 2 2 2 2 2 2 1 1 1 1 0 0 1 1 1 1 0 2 2 2 2 2 2 1 1 0 

balance = 2, maxtrans = 10, maxspan = 5
0 1 1 1 1 1 0 0 0 0 0 1 1 1 1 1 0 0 0 0 1 1 1 1 0 0 0 0 1 1 1 1 0 0 0 0 
0 0 0 0 1 1 1 1 0 0 0 0 0 1 1 0 0 0 1 1 1 1 1 0 0 1 1 1 1 1 0 0 0 1 1 0 
0 0 0 2 2 0 0 0 0 0 1 1 1 1 2 2 2 2 2 1 1 1 2 2 2 2 2 0 0 0 0 1 1 1 1 1 
0 0 1 1 1 1 1 2 2 1 1 1 0 0 0 0 0 1 1 1 1 2 2 2 2 2 0 0 0 2 2 2 2 2 0 0 

